CHROM	BIN_START	BIN_END	N_VARIANTS	WEIGHTED_FST	MEAN_FST	ZFst
scaffold1|size10631746	8750001	8775000	302	0.931157	0.761862	2.63713310302584
scaffold1|size10631746	10375001	10400000	256	0.934384	0.781047	2.69909781341959
scaffold1|size10631746	10400001	10425000	163	0.936674	0.78405	2.74307029151121
scaffold1|size10631746	10450001	10475000	165	0.943017	0.798155	2.86486829523836
scaffold1|size10631746	10475001	10500000	167	0.950822	0.766055	3.01473955790435
scaffold1|size10631746	10550001	10575000	275	0.925061	0.760138	2.52007798230683
scaffold11|size10842799	25001	50000	312	0.935719	0.742881	2.72473242401012
scaffold11|size10842799	100001	125000	320	0.927017	0.698054	2.55763700726195
scaffold11|size10842799	150001	175000	247	0.936492	0.715759	2.73957553561048
scaffold14|size18256978	10450001	10475000	188	0.936135	0.725809	2.73272043749751
scaffold15|size11145563	825001	850000	299	0.932557	0.764057	2.66401584072378
scaffold15|size11145563	11100001	11125000	301	0.950746	0.815752	3.01328020928646
scaffold15|size11145563	11125001	11150000	166	0.976905	0.89524	3.5155841631724
scaffold16|size9222637	25001	50000	328	0.928091	0.744403	2.57825990746736
scaffold16|size9222637	50001	75000	365	0.948494	0.779073	2.97003740550378
scaffold16|size9222637	3925001	3950000	198	0.926325	0.735363	2.54434925405697
scaffold16|size9222637	3950001	3975000	188	0.941992	0.791451	2.84518629085237
scaffold16|size9222637	4100001	4125000	225	0.937883	0.7129	2.76628545570893
scaffold16|size9222637	4175001	4200000	284	0.942256	0.79418	2.85025560710398
scaffold16|size9222637	4200001	4225000	248	0.946567	0.801272	2.93303523725813
scaffold16|size9222637	4225001	4250000	251	0.935023	0.765164	2.71136786298315
scaffold16|size9222637	4250001	4275000	266	0.924743	0.715092	2.5139717604583
scaffold16|size9222637	4325001	4350000	241	0.928216	0.778182	2.58066015190468
scaffold19|size4656297	75001	100000	219	0.954463	0.772044	3.08465387787448
scaffold19|size4656297	100001	125000	175	0.941004	0.719275	2.82621475881983
scaffold19|size4656297	125001	150000	234	0.947307	0.793653	2.94724468432703
scaffold19|size4656297	175001	200000	242	0.935068	0.718428	2.71223195098058
scaffold19|size4656297	200001	225000	250	0.924855	0.689363	2.51612237947414
scaffold19|size4656297	250001	275000	286	0.931162	0.694086	2.63722911280334
scaffold19|size4656297	350001	375000	269	0.932858	0.707922	2.66979562932884
scaffold19|size4656297	375001	400000	242	0.940885	0.74946	2.8239297261155
scaffold20|size8817131	3500001	3525000	289	0.930209	0.710181	2.61892964921324
scaffold23|size7316569	6500001	6525000	341	0.924818	0.695225	2.51541190712069
scaffold25|size4164816	750001	775000	273	0.924785	0.678384	2.51477824258924
scaffold26|size4486055	1	25000	97	0.981448	0.96597	3.6028186470022
scaffold26|size4486055	1000001	1025000	278	0.934232	0.768009	2.69617911618381
scaffold26|size4486055	1025001	1050000	325	0.92609	0.742689	2.53983679451481
scaffold26|size4486055	1050001	1075000	305	0.935812	0.780449	2.72651820587148
scaffold30|size8735911	8325001	8350000	327	0.924057	0.731637	2.50079921898631
scaffold30|size8735911	8350001	8375000	290	0.929269	0.727814	2.60087981104463
scaffold30|size8735911	8675001	8700000	288	0.929053	0.7279	2.59673218865695
scaffold31|size3992951	1	25000	238	0.967891	0.826796	3.34249773630869
scaffold31|size3992951	25001	50000	236	0.972677	0.845902	3.43439829532463
scaffold31|size3992951	50001	75000	261	0.967383	0.796988	3.33274314291544
scaffold31|size3992951	75001	100000	239	0.961819	0.753654	3.22590346252164
scaffold31|size3992951	100001	125000	263	0.970971	0.828931	3.40163975924415
scaffold31|size3992951	125001	150000	214	0.971312	0.856221	3.40818762606914
scaffold31|size3992951	150001	175000	324	0.962158	0.814072	3.23241292543564
scaffold31|size3992951	175001	200000	251	0.963968	0.827973	3.26716846488797
scaffold31|size3992951	200001	225000	294	0.967378	0.801149	3.33264713313794
scaffold31|size3992951	225001	250000	349	0.964731	0.814805	3.28181955693335
scaffold31|size3992951	250001	275000	320	0.955726	0.795172	3.10890594766912
scaffold31|size3992951	275001	300000	319	0.935205	0.739961	2.71486261888388
scaffold31|size3992951	300001	325000	299	0.951298	0.798584	3.02387968872165
scaffold31|size3992951	325001	350000	275	0.926253	0.737308	2.54296671326107
scaffold31|size3992951	350001	375000	284	0.944194	0.814773	2.88746899686012
scaffold31|size3992951	375001	400000	293	0.945248	0.816689	2.90770785795557
scaffold31|size3992951	400001	425000	282	0.950634	0.813216	3.01112959027063
scaffold31|size3992951	425001	450000	348	0.941649	0.792443	2.83860002011637
scaffold31|size3992951	450001	475000	285	0.939129	0.795977	2.79021109226009
scaffold52|size4783081	1	25000	320	0.955377	0.819574	3.10220446520014
scaffold52|size4783081	25001	50000	312	0.954376	0.794522	3.08298330774611
scaffold52|size4783081	50001	75000	321	0.941811	0.736337	2.84171073690714
scaffold52|size4783081	75001	100000	337	0.958978	0.822701	3.17135070695033
scaffold52|size4783081	100001	125000	304	0.955788	0.797577	3.11009646891003
scaffold52|size4783081	125001	150000	277	0.953883	0.783495	3.07351674368534
scaffold52|size4783081	150001	175000	341	0.946245	0.747715	2.9268522075876
scaffold52|size4783081	175001	200000	286	0.958579	0.828427	3.16368912670641
scaffold52|size4783081	200001	225000	301	0.964327	0.798334	3.27406196691194
scaffold52|size4783081	225001	250000	276	0.968859	0.797259	3.36108522923126
scaffold52|size4783081	250001	275000	275	0.963472	0.755113	3.2576442949607
scaffold52|size4783081	275001	300000	340	0.963135	0.779027	3.2511732359577
scaffold52|size4783081	300001	325000	247	0.96595	0.797001	3.30522674068605
scaffold52|size4783081	325001	350000	290	0.965433	0.838679	3.29529932969331
scaffold52|size4783081	350001	375000	317	0.955906	0.768699	3.11236229965886
scaffold52|size4783081	375001	400000	234	0.955924	0.750534	3.11270793485783
scaffold52|size4783081	400001	425000	259	0.956464	0.812905	3.12307699082703
scaffold52|size4783081	425001	450000	288	0.965243	0.848988	3.29165095814859
scaffold52|size4783081	450001	475000	261	0.965665	0.808263	3.29975418336897
scaffold52|size4783081	475001	500000	286	0.954194	0.772396	3.07948855184538
scaffold52|size4783081	500001	525000	309	0.968675	0.800765	3.35755206941953
scaffold52|size4783081	525001	550000	304	0.963142	0.785434	3.25130764964619
scaffold52|size4783081	550001	575000	240	0.966794	0.791947	3.3214331911268
scaffold52|size4783081	575001	600000	282	0.967237	0.807713	3.32993965741265
scaffold52|size4783081	600001	625000	291	0.95895	0.782774	3.17081305219637
scaffold54|size4656740	3900001	3925000	31	0.92508	0.692015	2.5204428194613
scaffold54|size4656740	4350001	4375000	296	0.936958	0.710651	2.74852364687279
scaffold54|size4656740	4375001	4400000	290	0.942481	0.761545	2.85457604709115
scaffold54|size4656740	4400001	4425000	173	0.924436	0.709101	2.50807676012025
scaffold54|size4656740	4425001	4450000	175	0.954999	0.847923	3.09494612602169
scaffold54|size4656740	4450001	4475000	247	0.956915	0.806433	3.13173707275687
scaffold54|size4656740	4475001	4500000	215	0.955602	0.817406	3.1065249051873
scaffold54|size4656740	4500001	4525000	206	0.946745	0.772856	2.93645318533686
scaffold54|size4656740	4525001	4550000	214	0.958671	0.803083	3.16545570661228
scaffold54|size4656740	4550001	4575000	196	0.940564	0.763114	2.81776589840047
scaffold54|size4656740	4575001	4600000	205	0.957296	0.807753	3.13905301780181
scaffold54|size4656740	4600001	4625000	219	0.951864	0.807695	3.03474799553382
scaffold54|size4656740	4625001	4650000	218	0.960948	0.819964	3.20917855928242
scaffold54|size4656740	4650001	4675000	54	0.926307	0.710803	2.54400361885799
scaffold56|size2663669	1475001	1500000	266	0.934789	0.714621	2.70687460539649
scaffold56|size2663669	1500001	1525000	240	0.935451	0.736438	2.71958629993651
scaffold56|size2663669	1525001	1550000	207	0.929472	0.704313	2.60477780801083
scaffold56|size2663669	1550001	1575000	263	0.925551	0.688113	2.52948694050111
scaffold56|size2663669	1600001	1625000	262	0.934657	0.673919	2.70433994727068
scaffold56|size2663669	1625001	1650000	284	0.94099	0.713198	2.82594593144285
scaffold56|size2663669	1650001	1675000	273	0.927176	0.702283	2.56069011818621
scaffold56|size2663669	1675001	1700000	233	0.924783	0.713463	2.51473983867824
scaffold63|size5023553	4775001	4800000	368	0.934302	0.701292	2.69752325306871
scaffold74|size6963600	925001	950000	302	0.927756	0.713088	2.57182725237536
scaffold74|size6963600	4300001	4325000	364	0.928238	0.703809	2.58108259492565
scaffold74|size6963600	4975001	5000000	304	0.932023	0.735483	2.65376199648757
scaffold77|size4187470	1	25000	174	0.936308	0.804555	2.73604237579875
scaffold77|size4187470	175001	200000	194	0.939345	0.742815	2.79435871464777
scaffold78|size4977238	3275001	3300000	249	0.953479	0.763026	3.06575915366393
scaffold78|size4977238	3325001	3350000	289	0.942771	0.771373	2.86014461418572
scaffold78|size4977238	3350001	3375000	265	0.96688	0.830224	3.32308455929968
scaffold79|size2360524	2350001	2375000	75	0.945243	0.78266	2.90761184817808
scaffold104|size2233984	25001	50000	284	0.956511	0.856883	3.12397948273546
scaffold104|size2233984	50001	75000	177	0.974439	0.870239	3.46823214091303
scaffold104|size2233984	75001	100000	216	0.965522	0.838486	3.29700830373268
scaffold105|size2075144	2075001	2100000	1	1	1	3.95905332541085
scaffold106|size3865954	950001	975000	330	0.941027	0.761817	2.82665640379629
scaffold106|size3865954	975001	1000000	356	0.934172	0.749275	2.6950269988539
scaffold106|size3865954	1000001	1025000	302	0.924357	0.741308	2.50655980563587
scaffold106|size3865954	1075001	1100000	276	0.927302	0.761591	2.56310956457903
scaffold114|size3609761	25001	50000	237	0.939894	0.719138	2.80490058821646
scaffold114|size3609761	50001	75000	291	0.952263	0.799737	3.04240957577773
scaffold114|size3609761	75001	100000	267	0.951176	0.771876	3.02153705015083
scaffold114|size3609761	100001	125000	265	0.962298	0.828907	3.23510119920543
scaffold114|size3609761	125001	150000	278	0.942794	0.755863	2.86058625916219
scaffold114|size3609761	175001	200000	292	0.934496	0.787051	2.70124843243542
scaffold114|size3609761	200001	225000	274	0.95564	0.819609	3.10725457949625
scaffold118|size3056581	1900001	1925000	328	0.924826	0.71179	2.51556552276468
scaffold126|size4141877	1	25000	382	0.92657	0.683269	2.54905373315411
scaffold130|size3564490	175001	200000	298	0.931681	0.712862	2.64719492770707
scaffold137|size4777225	4725001	4750000	348	0.955929	0.84864	3.11280394463532
scaffold137|size4777225	4750001	4775000	204	0.96697	0.883639	3.32481273529454
scaffold138|size1837575	1575001	1600000	139	0.935643	0.752386	2.72327307539223
scaffold138|size1837575	1600001	1625000	253	0.92811	0.7209	2.57862474462184
scaffold138|size1837575	1650001	1675000	204	0.936452	0.692623	2.73880745739054
scaffold138|size1837575	1675001	1700000	312	0.944191	0.758399	2.88741139099363
scaffold138|size1837575	1700001	1725000	238	0.949497	0.769611	2.98929696686881
scaffold138|size1837575	1725001	1750000	276	0.950291	0.779466	3.00454331953463
scaffold138|size1837575	1750001	1775000	227	0.952891	0.799018	3.0544684038308
scaffold138|size1837575	1775001	1800000	216	0.955179	0.78352	3.09840247801143
scaffold138|size1837575	1800001	1825000	262	0.962764	0.788941	3.24404931046774
scaffold138|size1837575	1825001	1850000	144	0.966453	0.865257	3.31488532430181
scaffold144|size2540175	1	25000	253	0.93008	0.794754	2.61645259695393
scaffold144|size2540175	25001	50000	209	0.966962	0.795514	3.32465911965056
scaffold144|size2540175	50001	75000	211	0.954252	0.775972	3.08060226526429
scaffold144|size2540175	75001	100000	209	0.968093	0.838305	3.34637653131939
scaffold144|size2540175	100001	125000	193	0.962434	0.859411	3.23771266515323
scaffold144|size2540175	125001	150000	212	0.962736	0.796361	3.24351165571379
scaffold144|size2540175	150001	175000	226	0.965228	0.796216	3.29136292881611
scaffold144|size2540175	175001	200000	253	0.942918	0.757584	2.86296730164401
scaffold144|size2540175	200001	225000	275	0.936488	0.717899	2.73949872778848
scaffold144|size2540175	225001	250000	210	0.957945	0.787313	3.15151508692035
scaffold144|size2540175	250001	275000	188	0.931416	0.696302	2.64210640949996
scaffold144|size2540175	275001	300000	236	0.933421	0.71433	2.68060633027451
scaffold148|size3722986	1325001	1350000	298	0.92668	0.696861	2.55116594825894
scaffold152|size2392918	2375001	2400000	66	0.969972	0.9191	3.38245700570112
scaffold153|size2884318	1	25000	169	0.92785	0.777825	2.57363223619222
scaffold153|size2884318	25001	50000	223	0.935057	0.760494	2.71202072947009
scaffold153|size2884318	50001	75000	218	0.960388	0.816395	3.19842546420325
scaffold153|size2884318	75001	100000	201	0.976714	0.87828	3.51191658967218
scaffold153|size2884318	100001	125000	263	0.974242	0.839487	3.46444935567982
scaffold153|size2884318	125001	150000	208	0.973046	0.858515	3.44148381690359
scaffold153|size2884318	150001	175000	201	0.956936	0.791748	3.13214031382234
scaffold153|size2884318	175001	200000	179	0.966942	0.812034	3.32427508054058
scaffold153|size2884318	200001	225000	213	0.9751	0.850694	3.48092463349756
scaffold153|size2884318	225001	250000	208	0.954992	0.812797	3.0948117123332
scaffold153|size2884318	250001	275000	180	0.96376	0.761899	3.26317445814428
scaffold153|size2884318	275001	300000	245	0.972734	0.828713	3.43549280678805
scaffold153|size2884318	300001	325000	230	0.968272	0.841803	3.34981368135363
scaffold153|size2884318	325001	350000	203	0.970332	0.851336	3.38936970968059
scaffold153|size2884318	350001	375000	226	0.975988	0.856896	3.49797596998025
scaffold153|size2884318	375001	400000	238	0.971157	0.842732	3.40521132296687
scaffold153|size2884318	400001	425000	221	0.973617	0.846127	3.45244813349324
scaffold153|size2884318	425001	450000	226	0.95766	0.810564	3.14604252960327
scaffold153|size2884318	450001	475000	230	0.925161	0.716612	2.52199817785668
scaffold158|size1408038	725001	750000	312	0.927511	0.787231	2.56712277327822
scaffold165|size2902030	1850001	1875000	1	0.933754	0.933754	2.68700058145552
scaffold165|size2902030	2350001	2375000	206	0.932556	0.745233	2.66399663876828
scaffold165|size2902030	2700001	2725000	188	0.929714	0.725977	2.60942468124147
scaffold165|size2902030	2875001	2900000	232	0.934658	0.766877	2.70435914922618
scaffold186|size1258787	1250001	1275000	140	0.928032	0.672239	2.57712699209295
scaffold195|size1315893	1100001	1125000	325	0.938621	0.738374	2.78045649886684
scaffold195|size1315893	1125001	1150000	210	0.943399	0.807581	2.8722034422388
scaffold195|size1315893	1150001	1175000	214	0.971973	0.8923	3.42088011865367
scaffold195|size1315893	1175001	1200000	252	0.966111	0.833634	3.30831825552131
scaffold195|size1315893	1200001	1225000	234	0.972957	0.868068	3.43977484286422
scaffold195|size1315893	1225001	1250000	242	0.968281	0.842446	3.34998649895311
scaffold195|size1315893	1250001	1275000	188	0.96533	0.851507	3.29332152827696
scaffold195|size1315893	1275001	1300000	208	0.981891	0.914382	3.61132511328805
scaffold195|size1315893	1300001	1325000	108	0.968827	0.85382	3.36047076665531
scaffold199|size2743898	2250001	2275000	208	0.933701	0.760926	2.68598287781409
scaffold199|size2743898	2375001	2400000	253	0.92965	0.739889	2.60819575608957
scaffold199|size2743898	2525001	2550000	185	0.939903	0.811092	2.80507340581595
scaffold199|size2743898	2575001	2600000	190	0.943663	0.782559	2.87727275849041
scaffold199|size2743898	2675001	2700000	187	0.939426	0.778771	2.79591407304315
scaffold202|size1148464	800001	825000	210	0.937448	0.799712	2.75793260506707
scaffold204|size2601874	1400001	1425000	223	0.937585	0.746522	2.76056327297037
scaffold204|size2601874	1525001	1550000	167	0.929221	0.701569	2.5999581171807
scaffold205|size1414111	1100001	1125000	301	0.931858	0.749248	2.65059367383031
scaffold205|size1414111	1125001	1150000	118	0.961831	0.84517	3.22613388598762
scaffold205|size1414111	1150001	1175000	259	0.948375	0.750576	2.96775237279946
scaffold205|size1414111	1175001	1200000	178	0.947564	0.737297	2.95217958689015
scaffold205|size1414111	1200001	1225000	130	0.967823	0.833695	3.34119200333479
scaffold205|size1414111	1225001	1250000	320	0.968824	0.807282	3.36041316078881
scaffold205|size1414111	1250001	1275000	258	0.982231	0.876435	3.61785377815754
scaffold205|size1414111	1275001	1300000	163	0.977912	0.865052	3.53492053235941
scaffold205|size1414111	1300001	1325000	87	0.971453	0.817482	3.41089510179444
scaffold205|size1414111	1325001	1350000	252	0.966112	0.780452	3.30833745747681
scaffold205|size1414111	1350001	1375000	238	0.971916	0.810664	3.41978560719025
scaffold205|size1414111	1375001	1400000	254	0.971771	0.816476	3.41700132364297
scaffold205|size1414111	1400001	1425000	145	0.949635	0.77616	2.9919468367276
scaffold211|size1117193	850001	875000	230	0.925536	0.721138	2.52919891116863
scaffold211|size1117193	875001	900000	173	0.929129	0.795503	2.59819153727483
scaffold211|size1117193	900001	925000	345	0.938377	0.786971	2.7757712217252
scaffold211|size1117193	925001	950000	269	0.970218	0.841673	3.38718068675376
scaffold211|size1117193	950001	975000	282	0.959079	0.795217	3.17329010445568
scaffold211|size1117193	975001	1000000	257	0.956355	0.790462	3.12098397767769
scaffold211|size1117193	1000001	1025000	236	0.954451	0.794245	3.0844234544085
scaffold211|size1117193	1025001	1050000	316	0.964076	0.833527	3.26924227608181
scaffold211|size1117193	1050001	1075000	274	0.962564	0.778753	3.24020891936804
scaffold211|size1117193	1075001	1100000	286	0.954537	0.809215	3.08607482258137
scaffold211|size1117193	1100001	1125000	129	0.957097	0.796461	3.1352318286576
scaffold212|size1615583	275001	300000	195	0.926113	0.713637	2.54027843949128
scaffold212|size1615583	325001	350000	280	0.938104	0.790005	2.7705290878741
scaffold224|size1069176	850001	875000	259	0.926318	0.675467	2.54421484036848
scaffold224|size1069176	975001	1000000	273	0.925426	0.750296	2.52708669606379
scaffold228|size2398560	625001	650000	302	0.927764	0.784598	2.57198086801935
scaffold228|size2398560	800001	825000	274	0.937645	0.761349	2.76171539030028
scaffold228|size2398560	1850001	1875000	123	0.928651	0.776416	2.58901300254654
scaffold228|size2398560	1875001	1900000	193	0.934154	0.803415	2.69468136365493
scaffold228|size2398560	1900001	1925000	274	0.934194	0.796254	2.69544944187487
scaffold233|size956273	25001	50000	366	0.938545	0.822399	2.77899715024895
scaffold233|size956273	50001	75000	344	0.967933	0.854227	3.34330421843963
scaffold233|size956273	75001	100000	364	0.93487	0.726965	2.70842996379187
scaffold233|size956273	100001	125000	279	0.942563	0.744472	2.85615060744203
scaffold233|size956273	125001	150000	272	0.949818	0.800606	2.99546079458383
scaffold233|size956273	150001	175000	231	0.941674	0.727324	2.83908006900384
scaffold233|size956273	175001	200000	287	0.954975	0.748726	3.09448527908973
scaffold233|size956273	200001	225000	293	0.967541	0.819629	3.3357770518842
scaffold233|size956273	225001	250000	320	0.952526	0.746145	3.04745969007384
scaffold233|size956273	250001	275000	315	0.945385	0.742429	2.91033852585887
scaffold233|size956273	275001	300000	287	0.95522	0.77043	3.09918975818687
scaffold233|size956273	300001	325000	234	0.961098	0.77608	3.2120588526072
scaffold233|size956273	325001	350000	313	0.93627	0.720042	2.73531270148981
scaffold234|size946874	1	25000	209	0.929915	0.798031	2.61328427429668
scaffold234|size946874	25001	50000	292	0.927438	0.756602	2.56572103052683
scaffold243|size910234	125001	150000	234	0.934058	0.717044	2.69283797592707
scaffold243|size910234	175001	200000	237	0.949399	0.801441	2.98741517522995
scaffold243|size910234	200001	225000	265	0.95229	0.797517	3.04292802857619
scaffold243|size910234	225001	250000	242	0.958945	0.82161	3.17071704241888
scaffold243|size910234	250001	275000	298	0.942565	0.764891	2.85618901135302
scaffold243|size910234	325001	350000	249	0.946497	0.806885	2.93169110037323
scaffold252|size888962	50001	75000	324	0.938946	0.808967	2.78669713440386
scaffold262|size990384	1	25000	126	0.968486	0.887928	3.35392289983031
scaffold265|size2602554	2425001	2450000	253	0.947555	0.758732	2.95200676929067
scaffold265|size2602554	2450001	2475000	289	0.95316	0.789703	3.0596337298599
scaffold265|size2602554	2475001	2500000	301	0.953717	0.796568	3.07032921907258
scaffold265|size2602554	2500001	2525000	306	0.963713	0.810825	3.26227196623585
scaffold265|size2602554	2525001	2550000	271	0.956308	0.799471	3.12008148576926
scaffold265|size2602554	2550001	2575000	274	0.953955	0.793131	3.07489928448123
scaffold265|size2602554	2600001	2625000	11	0.932639	0.908163	2.66559040107466
scaffold269|size847408	750001	775000	282	0.947624	0.764661	2.95333170422007
scaffold269|size847408	775001	800000	256	0.980855	0.916614	3.59143188739157
scaffold269|size847408	800001	825000	263	0.980909	0.898609	3.59246879298849
scaffold269|size847408	825001	850000	188	0.98747	0.928792	3.71845282301432
scaffold270|size1634531	25001	50000	214	0.927686	0.69336	2.57048311549046
scaffold270|size1634531	50001	75000	118	0.932934	0.723915	2.67125497794673
scaffold270|size1634531	75001	100000	213	0.929576	0.719007	2.60677481138267
scaffold270|size1634531	100001	125000	221	0.93455	0.743895	2.70228533803234
scaffold270|size1634531	125001	150000	255	0.933757	0.737472	2.68705818732201
scaffold270|size1634531	175001	200000	279	0.940728	0.702903	2.82091501910223
scaffold270|size1634531	250001	275000	360	0.924189	0.722651	2.50333387711212
scaffold286|size1525719	1525001	1550000	10	0.959393	0.835665	3.17931951848222
scaffold287|size769273	25001	50000	168	0.963008	0.883831	3.24873458760938
scaffold287|size769273	50001	75000	180	0.957328	0.845731	3.13966748037776
scaffold287|size769273	150001	175000	239	0.925865	0.72445	2.53551635452765
scaffold287|size769273	175001	200000	250	0.926912	0.71393	2.5556208019346
scaffold291|size758461	50001	75000	366	0.926474	0.721937	2.54721034542625
scaffold291|size758461	100001	125000	430	0.946167	0.770392	2.92535445505871
scaffold291|size758461	125001	150000	371	0.942669	0.744062	2.85818601472487
scaffold291|size758461	550001	575000	327	0.947102	0.744477	2.94330828344984
scaffold291|size758461	575001	600000	382	0.948719	0.72526	2.97435784549095
scaffold291|size758461	675001	700000	236	0.938379	0.768977	2.7758096256362
scaffold291|size758461	700001	725000	315	0.941326	0.716922	2.83239778849035
scaffold294|size753308	1	25000	154	0.970127	0.880693	3.38543330880339
scaffold294|size753308	25001	50000	196	0.984119	0.874655	3.65410707013876
scaffold294|size753308	50001	75000	196	0.979124	0.873947	3.55819330242362
scaffold294|size753308	75001	100000	215	0.976389	0.814787	3.50567595413516
scaffold294|size753308	100001	125000	205	0.980913	0.850357	3.59254560081049
scaffold294|size753308	125001	150000	276	0.979815	0.859555	3.57146185367311
scaffold294|size753308	150001	175000	142	0.971444	0.804801	3.41072228419495
scaffold294|size753308	175001	200000	233	0.979979	0.879884	3.57461097437487
scaffold294|size753308	200001	225000	132	0.969911	0.883691	3.38128568641571
scaffold294|size753308	225001	250000	116	0.975359	0.83068	3.48589793997168
scaffold294|size753308	250001	275000	136	0.960918	0.78167	3.20860250061747
scaffold294|size753308	300001	325000	143	0.936219	0.772831	2.73433340175938
scaffold294|size753308	375001	400000	74	0.942327	0.779174	2.85161894594438
scaffold294|size753308	400001	425000	128	0.955181	0.860354	3.09844088192242
scaffold295|size1803844	325001	350000	332	0.93234	0.76698	2.6598490163806
scaffold295|size1803844	350001	375000	224	0.926384	0.729349	2.54548216943138
scaffold295|size1803844	475001	500000	261	0.931989	0.774309	2.65310913000062
scaffold295|size1803844	550001	575000	194	0.926975	0.744002	2.55683052513101
scaffold295|size1803844	575001	600000	270	0.932435	0.741332	2.66167320215296
scaffold295|size1803844	600001	625000	268	0.971206	0.859226	3.4061522187863
scaffold295|size1803844	625001	650000	268	0.976087	0.877612	3.4998769635746
scaffold295|size1803844	650001	675000	293	0.950343	0.817756	3.00554182122056
scaffold295|size1803844	675001	700000	212	0.965652	0.85288	3.29950455794749
scaffold295|size1803844	700001	725000	260	0.925622	0.766987	2.5308502793415
scaffold295|size1803844	725001	750000	235	0.933948	0.811438	2.69072576082223
scaffold295|size1803844	750001	775000	309	0.96094	0.825993	3.20902494363843
scaffold295|size1803844	775001	800000	234	0.958617	0.847038	3.16441880101536
scaffold295|size1803844	800001	825000	154	0.94637	0.775121	2.92925245202492
scaffold295|size1803844	925001	950000	279	0.936225	0.827899	2.73444861349237
scaffold295|size1803844	950001	975000	247	0.954417	0.894991	3.08377058792155
scaffold295|size1803844	975001	1000000	284	0.93226	0.825842	2.65831285994072
scaffold295|size1803844	1000001	1025000	298	0.95236	0.834305	3.04427216546108
scaffold295|size1803844	1025001	1050000	361	0.945573	0.884349	2.91394849349259
scaffold295|size1803844	1050001	1075000	246	0.963514	0.908535	3.25845077709164
scaffold295|size1803844	1075001	1100000	308	0.972024	0.912191	3.42185941838409
scaffold295|size1803844	1100001	1125000	315	0.947118	0.861591	2.94361551473781
scaffold295|size1803844	1125001	1150000	396	0.964881	0.881904	3.28469985025812
scaffold295|size1803844	1175001	1200000	287	0.94902	0.858802	2.98013763409601
scaffold295|size1803844	1200001	1225000	233	0.96769	0.888704	3.33863814325348
scaffold295|size1803844	1225001	1250000	248	0.966877	0.901406	3.32302695343318
scaffold295|size1803844	1250001	1275000	272	0.972469	0.913065	3.43040428858094
scaffold295|size1803844	1275001	1300000	239	0.986984	0.950402	3.70912067264204
scaffold295|size1803844	1300001	1325000	238	0.96572	0.912311	3.30081029092139
scaffold295|size1803844	1325001	1350000	152	0.975412	0.920243	3.4869156436131
scaffold295|size1803844	1350001	1375000	161	0.96422	0.892563	3.2720073576736
scaffold295|size1803844	1375001	1400000	156	0.977535	0.922395	3.52768139513647
scaffold295|size1803844	1400001	1425000	156	0.987401	0.952224	3.71712788808492
scaffold295|size1803844	1425001	1450000	241	0.97826	0.930728	3.5416028128729
scaffold295|size1803844	1450001	1475000	255	0.975555	0.918706	3.48966152324939
scaffold295|size1803844	1475001	1500000	314	0.976528	0.921478	3.50834502594945
scaffold295|size1803844	1500001	1525000	170	0.984449	0.920543	3.66044371545327
scaffold295|size1803844	1525001	1550000	240	0.980662	0.94336	3.58772590998036
scaffold295|size1803844	1550001	1575000	264	0.976733	0.902159	3.51228142682665
scaffold295|size1803844	1575001	1600000	276	0.967921	0.887666	3.34307379497364
scaffold295|size1803844	1600001	1625000	240	0.969507	0.896135	3.3735280963943
scaffold295|size1803844	1625001	1650000	213	0.977865	0.915507	3.53401804045098
scaffold295|size1803844	1650001	1675000	259	0.985534	0.948962	3.68127783716918
scaffold295|size1803844	1675001	1700000	276	0.982917	0.935786	3.63102631962953
scaffold295|size1803844	1700001	1725000	236	0.991847	0.94994	3.80249978223137
scaffold295|size1803844	1725001	1750000	224	0.995535	0.965694	3.87331659410993
scaffold295|size1803844	1750001	1775000	248	0.969498	0.894092	3.37335527879482
scaffold295|size1803844	1775001	1800000	244	0.978494	0.884221	3.54609607045955
scaffold300|size941040	1	25000	162	0.955296	0.878243	3.10064910680476
scaffold300|size941040	25001	50000	303	0.954232	0.835064	3.08021822615432
scaffold300|size941040	50001	75000	230	0.962345	0.845634	3.23600369111386
scaffold300|size941040	75001	100000	207	0.953095	0.799758	3.0583856027525
scaffold300|size941040	100001	125000	150	0.968099	0.848859	3.34649174305238
scaffold300|size941040	125001	150000	245	0.973962	0.881989	3.45907280814024
scaffold300|size941040	150001	175000	262	0.962971	0.854061	3.24802411525594
scaffold300|size941040	175001	200000	307	0.973751	0.903507	3.45502119553005
scaffold300|size941040	200001	225000	322	0.960701	0.866226	3.20443567627429
scaffold300|size941040	225001	250000	372	0.95228	0.815083	3.0427360090212
scaffold300|size941040	250001	275000	327	0.948531	0.815265	2.97074787785723
scaffold300|size941040	275001	300000	257	0.951471	0.777142	3.02720162702289
scaffold300|size941040	300001	325000	336	0.945382	0.790927	2.91028091999237
scaffold301|size742388	1	25000	230	0.964544	0.860399	3.27822879125512
scaffold301|size742388	25001	50000	229	0.931127	0.782842	2.63655704436089
scaffold306|size748866	650001	675000	347	0.933978	0.817881	2.69130181948718
scaffold306|size748866	675001	700000	331	0.972342	0.894059	3.42796564023263
scaffold308|size713772	1	25000	305	0.949018	0.81893	2.98009923018501
scaffold308|size713772	25001	50000	350	0.966136	0.856143	3.30879830440877
scaffold308|size713772	50001	75000	346	0.954908	0.798829	3.09319874807133
scaffold308|size713772	75001	100000	360	0.975042	0.868504	3.47981092007864
scaffold308|size713772	100001	125000	219	0.98411	0.929545	3.65393425253928
scaffold308|size713772	125001	150000	247	0.955366	0.849688	3.10199324368965
scaffold308|size713772	150001	175000	294	0.963574	0.841733	3.25960289442155
scaffold308|size713772	175001	200000	322	0.962218	0.850088	3.23356504276555
scaffold308|size713772	200001	225000	330	0.953259	0.835186	3.06153472345426
scaffold308|size713772	225001	250000	320	0.953006	0.849889	3.05667662871313
scaffold308|size713772	250001	275000	320	0.962559	0.880694	3.24011290959055
scaffold308|size713772	275001	300000	424	0.959176	0.875631	3.17515269413904
scaffold308|size713772	350001	375000	406	0.975953	0.911925	3.4973039015378
scaffold308|size713772	375001	400000	352	0.96615	0.856538	3.30906713178575
scaffold308|size713772	400001	425000	364	0.953181	0.809187	3.06003697092537
scaffold308|size713772	425001	450000	290	0.953645	0.830825	3.06894667827669
scaffold308|size713772	450001	475000	306	0.949231	0.795595	2.9841892467062
scaffold308|size713772	475001	500000	310	0.929231	0.759477	2.60015013673568
scaffold308|size713772	500001	525000	362	0.934039	0.771884	2.69247313877259
scaffold308|size713772	525001	550000	288	0.949008	0.785688	2.97990721063003
scaffold308|size713772	550001	575000	186	0.947408	0.82241	2.94918408183239
scaffold308|size713772	575001	600000	267	0.955463	0.826862	3.10385583337301
scaffold308|size713772	600001	625000	325	0.934076	0.792452	2.69318361112604
scaffold308|size713772	625001	650000	217	0.973117	0.88133	3.44284715574398
scaffold308|size713772	650001	675000	199	0.977321	0.902751	3.52357217665978
scaffold308|size713772	675001	700000	232	0.928116	0.789539	2.57873995635483
scaffold308|size713772	700001	725000	157	0.939688	0.780417	2.80094498538377
scaffold309|size826263	825001	850000	4	1	1	3.95905332541085
scaffold310|size953823	25001	50000	260	0.92542	0.74437	2.5269714843308
scaffold310|size953823	75001	100000	292	0.925356	0.705975	2.5257425591789
scaffold311|size1154411	1150001	1175000	33	0.947102	0.695574	2.94330828344984
scaffold323|size907346	50001	75000	305	0.9309	0.680376	2.63219820046272
scaffold323|size907346	275001	300000	264	0.925691	0.714734	2.5321752142709
scaffold323|size907346	475001	500000	256	0.927572	0.720547	2.56829409256363
scaffold326|size661545	375001	400000	152	0.924943	0.74714	2.517812151558
scaffold327|size1432827	1425001	1450000	4	0.951466	0.799379	3.0271056172454
scaffold330|size753181	175001	200000	285	0.941477	0.739601	2.83529728377063
scaffold330|size753181	300001	325000	260	0.927008	0.673996	2.55746418966246
scaffold330|size753181	350001	375000	196	0.945323	0.719654	2.90914800461796
scaffold330|size753181	375001	400000	262	0.932129	0.695222	2.65579740377041
scaffold330|size753181	400001	425000	297	0.937868	0.695891	2.76599742637645
scaffold330|size753181	450001	475000	444	0.945732	0.769326	2.91700160441686
scaffold330|size753181	475001	500000	397	0.935081	0.715889	2.71248157640206
scaffold330|size753181	500001	525000	356	0.925706	0.706894	2.53246324360338
scaffold330|size753181	525001	550000	402	0.945286	0.738024	2.90843753226451
scaffold330|size753181	550001	575000	433	0.951036	0.765601	3.01884877638104
scaffold330|size753181	575001	600000	348	0.934587	0.719333	2.70299581038579
scaffold330|size753181	600001	625000	366	0.936637	0.703297	2.74235981915777
scaffold330|size753181	625001	650000	335	0.929696	0.717828	2.6090790460425
scaffold330|size753181	675001	700000	325	0.926483	0.723543	2.54738316302573
scaffold330|size753181	700001	725000	353	0.935264	0.76287	2.71599553425829
scaffold330|size753181	725001	750000	300	0.933605	0.732263	2.68413949008624
scaffold330|size753181	750001	775000	25	0.96025	0.840942	3.19577559434445
scaffold332|size769914	25001	50000	345	0.930596	0.814289	2.62636080599117
scaffold332|size769914	50001	75000	295	0.932702	0.759269	2.66680012427107
scaffold332|size769914	100001	125000	283	0.941366	0.704867	2.83316586671029
scaffold332|size769914	125001	150000	335	0.938164	0.701862	2.77168120520401
scaffold332|size769914	150001	175000	278	0.942759	0.692812	2.85991419071974
scaffold332|size769914	300001	325000	494	0.931735	0.72293	2.64823183330399
scaffold332|size769914	325001	350000	445	0.932796	0.707074	2.66860510808793
scaffold332|size769914	375001	400000	312	0.925867	0.68939	2.53555475843864
scaffold332|size769914	400001	425000	339	0.931179	0.666416	2.63755554604681
scaffold332|size769914	450001	475000	322	0.929803	0.7121	2.61113365528084
scaffold332|size769914	475001	500000	372	0.938981	0.746424	2.78736920284631
scaffold332|size769914	500001	525000	351	0.928831	0.683404	2.59246935453627
scaffold332|size769914	650001	675000	451	0.930549	0.6942	2.62545831408274
scaffold332|size769914	725001	750000	327	0.927616	0.704592	2.56913897860556
scaffold334|size1023832	1	25000	259	0.941384	0.774051	2.83351150190927
scaffold334|size1023832	25001	50000	312	0.936328	0.783552	2.73642641490872
scaffold334|size1023832	75001	100000	269	0.934778	0.774068	2.70666338388601
scaffold334|size1023832	100001	125000	293	0.929839	0.722729	2.61182492567879
scaffold334|size1023832	125001	150000	370	0.928782	0.742936	2.59152845871685
scaffold334|size1023832	150001	175000	285	0.925885	0.726522	2.53590039363762
scaffold341|size710850	400001	425000	371	0.936821	0.7333	2.74589297896949
scaffold344|size825336	1	25000	274	0.961421	0.787558	3.21826108423322
scaffold344|size825336	25001	50000	283	0.960205	0.804966	3.19491150634702
scaffold344|size825336	50001	75000	275	0.946539	0.788134	2.93249758250417
scaffold344|size825336	75001	100000	263	0.957706	0.824732	3.1469258195562
scaffold344|size825336	100001	125000	222	0.959731	0.853513	3.18580977944072
scaffold344|size825336	125001	150000	261	0.944047	0.779565	2.88464630940184
scaffold344|size825336	150001	175000	365	0.947145	0.799527	2.94413396753627
scaffold344|size825336	175001	200000	303	0.937361	0.800277	2.7562620349387
scaffold344|size825336	200001	225000	248	0.936688	0.770421	2.74333911888819
scaffold344|size825336	225001	250000	265	0.950774	0.834222	3.01381786404042
scaffold344|size825336	250001	275000	315	0.953138	0.820398	3.05921128683894
scaffold344|size825336	275001	300000	266	0.935924	0.793982	2.72866882488732
scaffold344|size825336	300001	325000	347	0.937938	0.786229	2.76734156326135
scaffold344|size825336	325001	350000	339	0.942539	0.796231	2.85568976051006
scaffold344|size825336	350001	375000	318	0.936883	0.795752	2.7470835002104
scaffold344|size825336	375001	400000	345	0.942829	0.818885	2.86125832760464
scaffold344|size825336	400001	425000	341	0.962744	0.86425	3.24366527135778
scaffold344|size825336	425001	450000	277	0.962759	0.866298	3.24395330069025
scaffold344|size825336	450001	475000	314	0.942078	0.820594	2.84683765902524
scaffold344|size825336	475001	500000	293	0.962575	0.833943	3.24042014087852
scaffold344|size825336	500001	525000	281	0.967454	0.822658	3.33410648175583
scaffold344|size825336	525001	550000	287	0.969544	0.855149	3.37423856874775
scaffold344|size825336	550001	575000	268	0.969321	0.874159	3.36995653267158
scaffold344|size825336	575001	600000	326	0.984029	0.911533	3.65237889414389
scaffold375|size552984	1	25000	346	0.930245	0.681195	2.61962091961119
scaffold375|size552984	75001	100000	305	0.943564	0.736387	2.87537176489605
scaffold375|size552984	150001	175000	348	0.938294	0.754749	2.77417745941882
scaffold375|size552984	175001	200000	368	0.948876	0.830787	2.97737255250422
scaffold375|size552984	200001	225000	372	0.924475	0.770879	2.5088256363847
scaffold375|size552984	225001	250000	346	0.950485	0.789485	3.00826849890135
scaffold375|size552984	250001	275000	322	0.924379	0.749685	2.50698224865684
scaffold375|size552984	275001	300000	359	0.930903	0.778553	2.63225580632922
scaffold375|size552984	300001	325000	354	0.927946	0.74817	2.57547562392008
scaffold375|size552984	325001	350000	385	0.947106	0.783884	2.94338509127183
scaffold375|size552984	375001	400000	387	0.957374	0.816299	3.14055077033069
scaffold375|size552984	400001	425000	319	0.964284	0.807191	3.27323628282551
scaffold375|size552984	425001	450000	340	0.961556	0.828046	3.22085334822553
scaffold375|size552984	475001	500000	261	0.949439	0.828098	2.98818325344989
scaffold375|size552984	500001	525000	342	0.979617	0.889133	3.5676598664844
scaffold375|size552984	525001	550000	228	0.971132	0.860656	3.40473127407941
scaffold375|size552984	550001	575000	12	0.975985	0.971904	3.49791836411375
scaffold376|size550902	450001	475000	327	0.959571	0.831334	3.18273746656095
scaffold376|size550902	475001	500000	304	0.973472	0.861733	3.44966384994596
scaffold376|size550902	500001	525000	272	0.969859	0.895918	3.38028718472979
scaffold376|size550902	525001	550000	100	0.937298	0.818115	2.75505231174229
scaffold379|size952731	1	25000	235	0.935173	0.809218	2.71424815630792
scaffold379|size952731	25001	50000	312	0.936633	0.782479	2.74228301133577
scaffold379|size952731	75001	100000	308	0.947853	0.781667	2.95772895202923
scaffold379|size952731	100001	125000	340	0.940552	0.782541	2.81753547493449
scaffold379|size952731	350001	375000	321	0.934596	0.762698	2.70316862798527
scaffold381|size1056380	175001	200000	298	0.935252	0.860888	2.71576511079231
scaffold381|size1056380	350001	375000	287	0.969423	0.853275	3.37191513213243
scaffold381|size1056380	375001	400000	268	0.9867	0.921442	3.70366731728046
scaffold381|size1056380	400001	425000	214	0.987513	0.928717	3.71927850710076
scaffold381|size1056380	425001	450000	226	0.978594	0.903258	3.54801626600941
scaffold381|size1056380	450001	475000	301	0.981788	0.920672	3.6093473118717
scaffold381|size1056380	475001	500000	159	0.987061	0.918975	3.71059922321542
scaffold381|size1056380	500001	525000	201	0.985807	0.926216	3.68651997102027
scaffold381|size1056380	525001	550000	176	0.973276	0.872843	3.44590026666825
scaffold381|size1056380	550001	575000	243	0.933504	0.814372	2.68220009258088
scaffold381|size1056380	650001	675000	160	0.965628	0.836395	3.29904371101552
scaffold381|size1056380	675001	700000	294	0.951196	0.836989	3.0219210892608
scaffold381|size1056380	700001	725000	190	0.94739	0.838628	2.94883844663341
scaffold381|size1056380	725001	750000	225	0.942388	0.829573	2.85279026522979
scaffold381|size1056380	750001	775000	220	0.948147	0.856892	2.96337432694579
scaffold381|size1056380	775001	800000	159	0.955533	0.863413	3.10519997025791
scaffold381|size1056380	850001	875000	254	0.944838	0.842217	2.89983505620117
scaffold381|size1056380	875001	900000	343	0.945574	0.812302	2.91396769544809
scaffold381|size1056380	925001	950000	149	0.927882	0.741371	2.57424669876817
scaffold381|size1056380	950001	975000	114	0.940572	0.778314	2.81791951404446
scaffold381|size1056380	975001	1000000	112	0.948407	0.833418	2.96836683537541
scaffold381|size1056380	1025001	1050000	99	0.93912	0.799454	2.7900382746606
scaffold387|size1138818	1	25000	203	0.953198	0.863182	3.06036340416885
scaffold387|size1138818	25001	50000	296	0.961667	0.845866	3.22298476528586
scaffold387|size1138818	50001	75000	297	0.954095	0.808874	3.07758755825103
scaffold388|size511471	1	25000	309	0.969036	0.883696	3.3644839753545
scaffold388|size511471	25001	50000	216	0.97273	0.887131	3.43541599896605
scaffold388|size511471	50001	75000	193	0.97047	0.901068	3.39201957953939
scaffold388|size511471	75001	100000	216	0.973507	0.918256	3.45033591838841
scaffold388|size511471	100001	125000	356	0.982902	0.934852	3.63073829029706
scaffold388|size511471	125001	150000	250	0.962213	0.87281	3.23346903298806
scaffold388|size511471	150001	175000	353	0.982446	0.925879	3.62198219858973
scaffold388|size511471	175001	200000	254	0.973435	0.913004	3.44895337759251
scaffold388|size511471	200001	225000	229	0.947349	0.845601	2.94805116645797
scaffold388|size511471	225001	250000	251	0.961688	0.892629	3.22338800635133
scaffold388|size511471	250001	275000	251	0.955002	0.862558	3.09500373188819
scaffold388|size511471	275001	300000	170	0.942346	0.847717	2.85198378309885
scaffold388|size511471	300001	325000	290	0.991565	0.952848	3.79708483078078
scaffold388|size511471	325001	350000	278	0.989366	0.946607	3.75485973063952
scaffold388|size511471	350001	375000	298	0.992216	0.948688	3.80958530381032
scaffold388|size511471	375001	400000	287	0.988705	0.933406	3.742167238055
scaffold388|size511471	400001	425000	318	0.984281	0.929464	3.65721778692952
scaffold388|size511471	425001	450000	257	0.980771	0.902462	3.5898189231297
scaffold388|size511471	450001	475000	288	0.98223	0.925971	3.61783457620205
scaffold388|size511471	475001	500000	286	0.988522	0.928572	3.73865328019877
scaffold388|size511471	500001	525000	86	0.987075	0.944823	3.7108680505924
scaffold393|size500221	500001	525000	1	1	1	3.95905332541085
scaffold394|size499907	75001	100000	201	0.954315	0.831524	3.0818119884607
scaffold394|size499907	100001	125000	318	0.952753	0.872851	3.051818533972
scaffold396|size840837	50001	75000	284	0.966922	0.871078	3.32389104143061
scaffold396|size840837	75001	100000	206	0.975004	0.851325	3.4790812457697
scaffold396|size840837	100001	125000	247	0.979167	0.922147	3.55901898651006
scaffold396|size840837	125001	150000	297	0.97445	0.863679	3.46844336242352
scaffold396|size840837	150001	175000	240	0.97645	0.916894	3.50684727342057
scaffold396|size840837	175001	200000	300	0.974133	0.878743	3.46235634253048
scaffold396|size840837	200001	225000	286	0.963317	0.859269	3.25466799185843
scaffold396|size840837	725001	750000	429	0.933564	0.72977	2.68335220991079
scaffold396|size840837	750001	775000	419	0.951935	0.812575	3.03611133437421
scaffold396|size840837	775001	800000	435	0.965154	0.909265	3.28994198410922
scaffold396|size840837	825001	850000	127	0.955771	0.848302	3.10977003566656
scaffold400|size484917	275001	300000	311	0.925165	0.68743	2.52207498567868
scaffold400|size484917	450001	475000	492	0.944439	0.758842	2.89217347595726
scaffold406|size481810	475001	500000	63	0.931837	0.79132	2.65019043276484
scaffold411|size534806	25001	50000	190	0.977457	0.894526	3.52618364260758
scaffold411|size534806	50001	75000	246	0.936133	0.787153	2.73268203358651
scaffold411|size534806	75001	100000	253	0.938084	0.802779	2.77014504876413
scaffold411|size534806	125001	150000	289	0.933226	0.69633	2.67686194895229
scaffold411|size534806	150001	175000	319	0.944817	0.738648	2.89943181513571
scaffold412|size477077	200001	225000	442	0.934998	0.712813	2.71088781409568
scaffold412|size477077	475001	500000	16	0.96728	0.804837	3.33076534149909
scaffold418|size481621	475001	500000	37	0.998253	0.972561	3.92550750915492
scaffold425|size708009	325001	350000	1	1	1	3.95905332541085
scaffold425|size708009	350001	375000	5	0.943715	0.93561	2.87827126017633
scaffold425|size708009	400001	425000	24	0.945253	0.887435	2.90780386773306
scaffold425|size708009	525001	550000	1	1	1	3.95905332541085
scaffold425|size708009	575001	600000	6	0.926495	0.88993	2.54761358649172
scaffold425|size708009	625001	650000	25	0.953251	0.930863	3.06138110781027
scaffold430|size439125	1	25000	270	0.961001	0.844672	3.21019626292384
scaffold430|size439125	250001	275000	302	0.952099	0.816012	3.03926045507597
scaffold431|size947529	1	25000	211	0.969235	0.886952	3.3683051644987
scaffold431|size947529	25001	50000	110	0.970073	0.899396	3.38439640320647
scaffold431|size947529	50001	75000	156	0.951844	0.856083	3.03436395642385
scaffold431|size947529	75001	100000	226	0.978327	0.912659	3.5428893438913
scaffold431|size947529	100001	125000	260	0.938592	0.764316	2.77989964215738
scaffold431|size947529	125001	150000	353	0.924336	0.741001	2.5061565645704
scaffold441|size450297	1	25000	229	0.97704	0.918037	3.5181764271647
scaffold441|size450297	25001	50000	249	0.973323	0.891095	3.44680275857668
scaffold441|size450297	50001	75000	209	0.985131	0.927734	3.67353944910327
scaffold441|size450297	75001	100000	262	0.948177	0.784079	2.96395038561075
scaffold441|size450297	100001	125000	265	0.968725	0.846251	3.35851216719446
scaffold441|size450297	125001	150000	200	0.97955	0.884481	3.566373335466
scaffold441|size450297	150001	175000	261	0.961311	0.807381	3.21614886912839
scaffold441|size450297	175001	200000	271	0.962203	0.842889	3.23327701343307
scaffold441|size450297	200001	225000	208	0.960397	0.831357	3.19859828180273
scaffold441|size450297	275001	300000	327	0.941096	0.773197	2.82798133872569
scaffold441|size450297	300001	325000	210	0.947528	0.803962	2.95148831649221
scaffold441|size450297	325001	350000	218	0.932576	0.760666	2.66438067787825
scaffold442|size1349838	1300001	1325000	218	0.928663	0.72024	2.58924342601252
scaffold447|size738435	625001	650000	266	0.924402	0.738729	2.5074238936333
scaffold454|size1178616	750001	775000	285	0.925104	0.721576	2.52090366639327
scaffold454|size1178616	900001	925000	336	0.930413	0.711454	2.62284684813494
scaffold454|size1178616	1000001	1025000	335	0.934108	0.72527	2.69379807370199
scaffold454|size1178616	1175001	1200000	37	0.935602	0.794716	2.72248579521679
scaffold456|size396485	1	25000	282	0.951239	0.802156	3.02274677334724
scaffold461|size389521	1	25000	288	0.972037	0.865467	3.42210904380557
scaffold475|size424164	1	25000	379	0.939013	0.76365	2.78798366542226
scaffold475|size424164	200001	225000	264	0.96616	0.80994	3.30925915134074
scaffold475|size424164	225001	250000	306	0.952038	0.746798	3.03808913579056
scaffold475|size424164	300001	325000	419	0.942064	0.748328	2.84656883164826
scaffold475|size424164	325001	350000	363	0.927068	0.732234	2.55861630699237
scaffold475|size424164	400001	425000	462	0.929802	0.688402	2.61111445332534
scaffold487|size341181	1	25000	323	0.955874	0.80863	3.1117478370829
scaffold487|size341181	25001	50000	324	0.957681	0.845798	3.14644577066874
scaffold487|size341181	50001	75000	316	0.946303	0.804093	2.92796592100651
scaffold487|size341181	75001	100000	316	0.926163	0.755917	2.54123853726621
scaffold487|size341181	100001	125000	279	0.958666	0.802932	3.16535969683479
scaffold487|size341181	175001	200000	248	0.938648	0.7414	2.7809749516653
scaffold487|size341181	225001	250000	210	0.940947	0.769705	2.82512024735641
scaffold494|size795804	375001	400000	279	0.947985	0.764976	2.96026361015503
scaffold494|size795804	400001	425000	315	0.97365	0.898534	3.4530817980247
scaffold494|size795804	425001	450000	363	0.976629	0.892016	3.5102844234548
scaffold494|size795804	475001	500000	249	0.969448	0.843253	3.37239518101989
scaffold502|size316297	150001	175000	298	0.92439	0.730198	2.50719347016732
scaffold503|size548173	475001	500000	274	0.933001	0.771572	2.67254150896512
scaffold503|size548173	500001	525000	183	0.926479	0.789557	2.54730635520374
scaffold503|size548173	525001	550000	255	0.953547	0.825348	3.06706488663783
scaffold505|size352065	125001	150000	239	0.93826	0.83679	2.77352459293187
scaffold505|size352065	150001	175000	355	0.946699	0.844794	2.93556989538393
scaffold505|size352065	175001	200000	147	0.946819	0.846348	2.93787413004375
scaffold505|size352065	200001	225000	164	0.958811	0.874092	3.16814398038207
scaffold505|size352065	225001	250000	298	0.958584	0.880941	3.16378513648391
scaffold505|size352065	250001	275000	208	0.942854	0.820022	2.8617383764921
scaffold505|size352065	300001	325000	158	0.924767	0.799071	2.51443260739027
scaffold506|size367971	300001	325000	217	0.93774	0.786864	2.76353957607264
scaffold506|size367971	325001	350000	282	0.961479	0.852648	3.21937479765214
scaffold506|size367971	350001	375000	174	0.938481	0.763696	2.77776822509705
scaffold517|size290327	150001	175000	263	0.969148	0.799708	3.36663459437033
scaffold517|size290327	175001	200000	336	0.958374	0.8034	3.15975272582922
scaffold517|size290327	200001	225000	293	0.958198	0.742421	3.15637318166148
scaffold517|size290327	225001	250000	288	0.970619	0.802196	3.39488067090866
scaffold517|size290327	250001	275000	293	0.966667	0.820682	3.31899454277849
scaffold517|size290327	275001	300000	158	0.970676	0.806847	3.39597518237208
scaffold529|size318250	1	25000	219	0.931792	0.725947	2.64932634476741
scaffold529|size318250	25001	50000	311	0.943016	0.749489	2.86484909328286
scaffold529|size318250	50001	75000	287	0.941233	0.71146	2.83061200662899
scaffold537|size458798	450001	475000	81	0.924224	0.745458	2.50400594555457
scaffold544|size255883	25001	50000	189	0.945994	0.768277	2.92203251675747
scaffold544|size255883	50001	75000	192	0.953234	0.830646	3.0610546745668
scaffold544|size255883	75001	100000	128	0.933623	0.752394	2.68448512528521
scaffold544|size255883	100001	125000	158	0.959089	0.859322	3.17348212401066
scaffold544|size255883	125001	150000	77	0.967638	0.889063	3.33763964156756
scaffold544|size255883	150001	175000	87	0.933724	0.772527	2.68642452279056
scaffold544|size255883	250001	275000	49	0.945546	0.713301	2.91343004069413
scaffold559|size370337	1	25000	284	0.928908	0.794391	2.59394790510966
scaffold563|size253797	125001	150000	404	0.946642	0.771644	2.93447538392051
scaffold563|size253797	150001	175000	281	0.970943	0.840466	3.40110210449019
scaffold563|size253797	175001	200000	250	0.951536	0.868444	3.0284497541303
scaffold563|size253797	200001	225000	242	0.967694	0.840806	3.33871495107548
scaffold563|size253797	225001	250000	250	0.958745	0.788502	3.16687665131917
scaffold563|size253797	250001	275000	15	0.936626	0.758843	2.74214859764728
scaffold567|size302336	1	25000	281	0.926943	0.756449	2.55621606255506
scaffold574|size228436	25001	50000	183	0.929725	0.765476	2.60963590275196
scaffold574|size228436	50001	75000	206	0.938107	0.769448	2.7705866937406
scaffold574|size228436	75001	100000	131	0.962031	0.801528	3.22997427708733
scaffold574|size228436	100001	125000	96	0.970754	0.862993	3.39747293490097
scaffold574|size228436	125001	150000	237	0.952668	0.788163	3.05018636775463
scaffold574|size228436	150001	175000	278	0.962084	0.827484	3.23099198072875
scaffold574|size228436	175001	200000	373	0.967713	0.853347	3.33907978822995
scaffold574|size228436	200001	225000	268	0.952242	0.78923	3.04200633471226
scaffold574|size228436	225001	250000	24	0.956315	0.814424	3.12021589945775
scaffold576|size277989	275001	300000	15	0.935958	0.807851	2.72932169137427
scaffold587|size213481	200001	225000	148	0.939497	0.82606	2.79727741188355
scaffold592|size258941	1	25000	280	0.941573	0.776541	2.83714067149849
scaffold592|size258941	25001	50000	317	0.945501	0.697302	2.9125659526967
scaffold596|size202383	1	25000	192	0.978573	0.920889	3.54761302494394
scaffold596|size202383	25001	50000	210	0.973177	0.898148	3.44399927307389
scaffold596|size202383	50001	75000	271	0.971608	0.874765	3.41387140489671
scaffold596|size202383	75001	100000	249	0.970058	0.869992	3.38410837387399
scaffold596|size202383	100001	125000	247	0.967114	0.88043	3.32757781688633
scaffold596|size202383	125001	150000	218	0.924869	0.806133	2.51639120685112
scaffold596|size202383	150001	175000	230	0.950057	0.814997	3.00005006194798
scaffold596|size202383	175001	200000	280	0.945659	0.805268	2.91559986166546
scaffold596|size202383	200001	225000	17	0.960008	0.875792	3.19112872111381
scaffold599|size201618	200001	225000	10	0.956908	0.842203	3.13160265906838
scaffold608|size205959	1	25000	236	0.951603	0.763491	3.0297362851487
scaffold611|size407947	150001	175000	354	0.937262	0.774414	2.75436104134434
scaffold611|size407947	175001	200000	329	0.942019	0.778382	2.84570474365083
scaffold611|size407947	200001	225000	379	0.938485	0.752155	2.77784503291904
scaffold612|size265619	1	25000	309	0.934537	0.657356	2.70203571261086
scaffold612|size265619	25001	50000	280	0.949043	0.747082	2.98057927907247
scaffold612|size265619	75001	100000	380	0.945875	0.754515	2.91974748405315
scaffold612|size265619	100001	125000	352	0.940942	0.792418	2.82502423757892
scaffold612|size265619	125001	150000	273	0.948879	0.813574	2.97743015837072
scaffold612|size265619	150001	175000	246	0.971225	0.844189	3.40651705594077
scaffold612|size265619	175001	200000	238	0.976904	0.873839	3.5155649612169
scaffold612|size265619	200001	225000	226	0.983596	0.901149	3.64406444741303
scaffold612|size265619	225001	250000	224	0.986447	0.908522	3.69880922253933
scaffold612|size265619	250001	275000	27	0.938823	0.918655	2.78433529387754
scaffold615|size187076	1	25000	124	0.936727	0.843553	2.74408799515263
scaffold615|size187076	25001	50000	287	0.926051	0.834026	2.53908791825037
scaffold615|size187076	125001	150000	311	0.942396	0.820866	2.85294388087377
scaffold619|size273847	100001	125000	275	0.9303	0.771156	2.62067702716361
scaffold619|size273847	125001	150000	258	0.938975	0.828023	2.78725399111332
scaffold631|size176974	175001	200000	8	0.982199	0.869127	3.61723931558159
scaffold639|size163777	50001	75000	409	0.942681	0.826699	2.85841643819085
scaffold657|size272177	150001	175000	230	0.9245	0.752689	2.50930568527216
scaffold657|size272177	175001	200000	173	0.941225	0.776255	2.830458390985
scaffold657|size272177	200001	225000	141	0.982092	0.889448	3.61518470634325
scaffold657|size272177	225001	250000	106	0.962164	0.895133	3.23252813716863
scaffold659|size150891	1	25000	267	0.952608	0.831232	3.04903425042472
scaffold659|size150891	25001	50000	208	0.98039	0.897849	3.58250297808476
scaffold659|size150891	50001	75000	191	0.957823	0.843614	3.14917244834953
scaffold659|size150891	75001	100000	190	0.969483	0.87815	3.37306724946234
scaffold659|size150891	100001	125000	197	0.952066	0.872479	3.03862679054452
scaffold659|size150891	125001	150000	185	0.986013	0.916877	3.69047557385297
scaffold690|size122790	1	25000	224	0.988549	0.942609	3.73917173299723
scaffold690|size122790	25001	50000	316	0.984649	0.923891	3.66428410655298
scaffold690|size122790	50001	75000	280	0.977534	0.895071	3.52766219318097
scaffold690|size122790	75001	100000	269	0.989191	0.933541	3.75149938842728
scaffold690|size122790	100001	125000	214	0.991441	0.954005	3.79470378829897
scaffold703|size125827	1	25000	144	0.971541	0.908443	3.4125848738783
scaffold703|size125827	25001	50000	271	0.981937	0.914408	3.61220840324098
scaffold703|size125827	50001	75000	224	0.982242	0.912911	3.61806499966803
scaffold703|size125827	75001	100000	231	0.986068	0.926632	3.69153168140539
scaffold703|size125827	100001	125000	256	0.984555	0.905004	3.66247912273612
scaffold703|size125827	125001	150000	5	0.960282	0.945916	3.1963900569204
scaffold705|size170933	150001	175000	140	0.950978	0.820799	3.01773506296212
scaffold724|size104812	100001	125000	28	0.986217	0.927041	3.69439277277467
scaffold725|size106235	100001	125000	61	0.925469	0.690181	2.52791238015023
scaffold733|size100426	100001	125000	1	0.932774	0.932774	2.66818266506696
scaffold759|size88486	1	25000	137	0.980281	0.926111	3.58040996493542
scaffold759|size88486	25001	50000	216	0.986587	0.930354	3.70149749630912
scaffold759|size88486	50001	75000	193	0.969284	0.83557	3.36924606031813
scaffold759|size88486	75001	100000	93	0.953077	0.805853	3.05803996755353
scaffold771|size182543	25001	50000	211	0.937224	0.793645	2.7536313670354
scaffold771|size182543	50001	75000	206	0.938066	0.777328	2.76979941356516
scaffold771|size182543	75001	100000	157	0.928332	0.809625	2.58288757874251
scaffold771|size182543	100001	125000	196	0.957538	0.835371	3.14369989103245
scaffold771|size182543	125001	150000	157	0.957962	0.869609	3.15184152016382
scaffold771|size182543	150001	175000	196	0.933909	0.825598	2.68997688455779
scaffold779|size79077	75001	100000	48	0.969908	0.920094	3.38122808054921
scaffold780|size97747	75001	100000	60	0.940896	0.868383	2.82414094762599
scaffold788|size77106	1	25000	264	0.965323	0.876269	3.29318711458847
scaffold788|size77106	25001	50000	168	0.941447	0.847562	2.83472122510567
scaffold788|size77106	50001	75000	185	0.976678	0.90545	3.51122531927423
scaffold804|size113946	50001	75000	310	0.937635	0.799774	2.76152337074529
scaffold804|size113946	100001	125000	60	0.927192	0.86483	2.56099734947419
scaffold817|size153255	100001	125000	345	0.929985	0.755483	2.61462841118157
scaffold817|size153255	125001	150000	175	0.936628	0.783938	2.74218700155828
scaffold829|size62845	1	25000	62	0.982247	0.92306	3.61816100944552
scaffold829|size62845	25001	50000	175	0.981721	0.937389	3.6080607808533
scaffold829|size62845	50001	75000	101	0.988857	0.95197	3.74508593529078
scaffold836|size60761	1	25000	2	1	1	3.95905332541085
scaffold845|size57411	1	25000	53	0.99762	0.980227	3.91335267132436
scaffold845|size57411	25001	50000	102	0.993103	0.95809	3.82661743833751
scaffold845|size57411	50001	75000	63	0.954552	0.905211	3.08636285191385
scaffold848|size65525	50001	75000	20	0.928734	0.866916	2.59060676485292
scaffold850|size55724	1	25000	63	0.973681	0.944952	3.45367705864515
scaffold850|size55724	25001	50000	58	0.975584	0.962596	3.49021837995884
scaffold850|size55724	50001	75000	32	1	1	3.95905332541085
scaffold854|size55150	1	25000	317	0.944381	0.761806	2.89105976253835
scaffold866|size52078	1	25000	101	0.981164	0.941632	3.59736529164062
scaffold866|size52078	25001	50000	150	0.979515	0.936418	3.56570126702355
scaffold867|size52065	1	25000	159	0.981962	0.9535	3.61268845212844
scaffold867|size52065	25001	50000	88	0.988558	0.951959	3.73934455059672
scaffold867|size52065	50001	75000	4	1	1	3.95905332541085
scaffold872|size75292	75001	100000	3	0.978816	0.977591	3.55227910013008
scaffold924|size73702	50001	75000	139	0.940897	0.844398	2.82416014958148
scaffold949|size68660	50001	75000	198	0.929115	0.781055	2.59792270989786
